((("mid" .
   [7 0 0])
  ("test" .
   [2 0 0 0])
  ("step" .
   [2 0 0 0])
  ("iota" .
   [2 0 0 0])
  ("start" .
   [4 0 0 0 0])
  ("make-list" .
   [2 0 0 0 0 0 0 0 0])
  ("sort" .
   [1 0 0 0])
  ("callback" .
   [1 0 0 0 0 0 0 0])
  ("small" .
   [1 0 0 0 0])
  ("big" .
   [1 0 0])
  ("head-tail" .
   [2 0 0 0 0 0 0 0 0])
  ("take" .
   [1 0 0 0])
  ("head" .
   [7 0 0 0])
  ("pred" .
   [4 0 0 0])
  ("ls" .
   [10 0])
  ("merge" .
   [3 0 0 0 0])
  ("right" .
   [7 0 0 0 0])
  ("left" .
   [10 0 0 0])
  ("nth" .
   [2 0 0])
  ("ret" .
   [13 0 0])
  ("cerr" .
   [6 0 0 0])
  ("solve" .
   [2 0 0 0 0])
  ("greater_str" .
   [2 0 0 0 0 0 0 1 0 0 0])
  ("size" .
   [5 0 0 0])
  ("rep" .
   [8 0 0])
  ("length" .
   [3 0 0 0 0 0])
  ("vector" .
   [19 0 0 0 0 0])
  ("include" .
   [8 0 0 0 0 0 0])
  ("list" .
   [1 0 0 0])
  ("arrow-left-0" .
   [1 0 0 0 0 0 0 0 0 0 0 0])
  ("center" .
   [1 0 0 0 0 0])
  (":ascent" .
   [1 0 0 0 0 0 0])
  ("xpm" .
   [1 0 0])
  ("color1" .
   [1 0 0 0 0 0])
  ("arrow-left-xpm" .
   [1 0 0 0 0 0 0 0 0 0 0 0 0 0])
  ("create-image" .
   [1 0 0 0 0 0 0 0 0 0 0 0])
  ("defvar" .
   [2 0 0 0 0 0])
  ("powerline-tomoki-theme" .
   [0 0 0 0 0 0 0 0 0 0 0 0 0 0 1 0 0 0 0 0 0 0])
  ("powerline" .
   [3 0 0 0 0 0 0 0 0])
  ("require" .
   [2 0 0 0 0 0 0])
  ("debug" .
   [7 0 1 0 0])
  ("string" .
   [7 0 0 0 0 0])
  ("multi-term" .
   [0 0 0 0 0 1 0 0 0 0])
  ("defface" .
   [1 0 0 0 0 0 0])
  (":group" .
   [1 0 0 0 0 0])
  ("fact" .
   [2 0 0 0])
  ("rlt" .
   [1 0 0])
  ("vi" .
   [1 0])
  ("cin" .
   [11 0 0])
  ("all" .
   [2 0 0])
  ("endl" .
   [10 0 0 0])
  ("cout" .
   [4 0 0 0])
  ("begin" .
   [4 0 0 0 0])
  ("mii" .
   [2 0 0])
  ("len" .
   [2 0 0])
  ("end" .
   [4 0 0])
  ("seq" .
   [3 0 0])
  ("test_case" .
   [2 0 0 0 0 0 0 0 0])
  ("MAXB" .
   [5 0 0 0])
  ("updown" .
   [3 0 0 0 0 0])
  ("cur" .
   [8 0 0])
  ("swapHead" .
   [1 0 0 0 0 0 0 0])
  ("iostream" .
   [2 0 0 0 0 0 0 0])
  ("zero?" .
   [3 0 0 0 0])
  ("process" .
   [5 0 0 0 0 0 0])
  ("_list-set" .
   [3 0 0 0 0 0 0 0 0])
  ("list-set" .
   [1 0 0 0 0 0 0 0])
  ("test?" .
   [1 0 0 0 0])
  ("remember" .
   [1 0 0 0 0 0 0 0])
  ("must" .
   [1 0 0 0])
  ("std" .
   [1 0 0])
  ("ll" .
   [4 0])
  ("main" .
   [1 0 0 0])
  ("vec" .
   [5 0 0])
  ("define" .
   [1 0 0 0 0 0])
  ("result" .
   [2 0 0 0 0 0])
  ("sign" .
   [6 0 0 0])
  ("input" .
   [3 0 0 0 0])
  ("NO" .
   [2 0])))
